index,x,y,theta,discounted_reward, last_reward, path_len
1,-20.600, -17.100, 0.000, -1.154, 8.900000, 43
2,-20.600, -17.100, 1.571, -1.223, 8.900000, 43
3,-20.600, -17.100, 3.142, -3.513, 8.900000, 169
4,-20.600, -17.100, 4.712, 6.878, 8.900000, 5
5,-20.600, -14.940, 0.000, -2.830, 8.900000, 354
6,-20.600, -14.940, 1.571, -4.657, -11.100000, 25
7,-20.600, -14.940, 3.142, -2.726, -11.100000, 146
8,-20.600, -14.940, 4.712, 4.200, 8.900000, 12
9,-20.600, -12.780, 0.000, -1.611, 8.900000, 49
10,-20.600, -12.780, 1.571, -2.510, -0.100000, 400
11,-20.600, -12.780, 3.142, -1.794, 8.900000, 54
12,-20.600, -12.780, 4.712, 4.526, 8.900000, 11
13,-20.600, -10.620, 0.000, 0.765, 8.900000, 25
14,-20.600, -10.620, 1.571, -1.994, 8.900000, 51
15,-20.600, -10.620, 3.142, -0.853, 8.900000, 36
16,-20.600, -10.620, 4.712, 1.183, 8.900000, 25
17,-20.600, -8.460, 0.000, 1.024, 8.900000, 26
18,-20.600, -8.460, 1.571, -2.254, -0.100000, 400
19,-20.600, -8.460, 3.142, -1.757, 8.900000, 48
20,-20.600, -8.460, 4.712, 1.350, 8.900000, 24
21,-20.600, -6.300, 0.000, -1.621, 8.900000, 48
22,-20.600, -6.300, 1.571, -6.438, -11.100000, 15
23,-20.600, -6.300, 3.142, -3.629, -11.100000, 46
24,-20.600, -6.300, 4.712, 0.729, 8.900000, 28
25,-20.600, -4.140, 0.000, -1.583, 8.900000, 45
26,-20.600, -4.140, 1.571, -6.438, -11.100000, 15
27,-20.600, -4.140, 3.142, -7.735, -11.100000, 10
28,-20.600, -4.140, 4.712, -1.368, 8.900000, 44
29,-20.600, -1.980, 0.000, -2.080, -0.100000, 400
30,-20.600, -1.980, 1.571, -7.176, -11.100000, 12
31,-20.600, -1.980, 3.142, -7.449, -11.100000, 11
32,-20.600, -1.980, 4.712, -1.198, 8.900000, 41
33,-20.600, 0.180, 0.000, -2.560, -11.100000, 253
34,-20.600, 0.180, 1.571, -2.461, 8.900000, 277
35,-20.600, 0.180, 3.142, -8.355, -11.100000, 8
36,-20.600, 0.180, 4.712, -7.449, -11.100000, 11
37,-20.600, 2.340, 0.000, -2.139, -0.100000, 400
38,-20.600, 2.340, 1.571, -7.118, -11.100000, 16
39,-20.600, 2.340, 3.142, -8.355, -11.100000, 8
40,-20.600, 2.340, 4.712, -7.735, -11.100000, 10
41,-20.600, 4.500, 0.000, -2.165, 8.900000, 242
42,-20.600, 4.500, 1.571, -4.164, -11.100000, 29
43,-20.600, 4.500, 3.142, -2.305, 8.900000, 149
44,-20.600, 4.500, 4.712, -2.280, 8.900000, 66
45,-18.260, -17.100, 0.000, -3.211, -11.100000, 72
46,-18.260, -17.100, 1.571, -2.564, -11.100000, 59
47,-18.260, -17.100, 3.142, -2.841, 9.900000, 108
48,-18.260, -17.100, 4.712, -2.561, 8.900000, 207
49,-18.260, -14.940, 0.000, -3.763, -11.100000, 33
50,-18.260, -14.940, 1.571, -2.654, 8.900000, 104
51,-18.260, -14.940, 3.142, -2.548, 8.900000, 161
52,-18.260, -14.940, 4.712, 5.231, 8.900000, 9
53,-18.260, -12.780, 0.000, 0.174, 8.900000, 27
54,-18.260, -12.780, 1.571, -2.454, -0.100000, 400
55,-18.260, -12.780, 3.142, 2.330, 8.900000, 19
56,-18.260, -12.780, 4.712, 3.050, 8.900000, 16
57,-18.260, -10.620, 0.000, -1.744, 8.900000, 47
58,-18.260, -10.620, 1.571, -2.132, -0.100000, 400
59,-18.260, -10.620, 3.142, -1.714, 8.900000, 51
60,-18.260, -10.620, 4.712, 2.330, 8.900000, 19
61,-18.260, -8.460, 0.000, -0.563, 8.900000, 34
62,-18.260, -8.460, 1.571, -2.000, 8.900000, 268
63,-18.260, -8.460, 3.142, -2.648, -11.100000, 122
64,-18.260, -8.460, 4.712, -2.339, -11.100000, 107
65,-18.260, -6.300, 0.000, -1.744, 8.900000, 47
66,-18.260, -6.300, 1.571, -2.144, -0.100000, 400
67,-18.260, -6.300, 3.142, 0.340, 8.900000, 31
68,-18.260, -6.300, 4.712, -2.373, 8.900000, 282
69,-18.260, -4.140, 0.000, -2.882, -11.100000, 56
70,-18.260, -4.140, 1.571, -2.471, 8.900000, 294
71,-18.260, -4.140, 3.142, -2.021, -0.100000, 400
72,-18.260, -4.140, 4.712, 0.340, 8.900000, 31
73,-18.260, -1.980, 0.000, -2.078, 8.900000, 285
74,-18.260, -1.980, 1.571, -3.264, -11.100000, 49
75,-18.260, -1.980, 3.142, -7.449, -11.100000, 11
76,-18.260, -1.980, 4.712, -0.280, 8.900000, 37
77,-18.260, 0.180, 0.000, -2.424, -0.100000, 400
78,-18.260, 0.180, 1.571, -2.665, 8.900000, 307
79,-18.260, 0.180, 3.142, -5.805, -11.100000, 18
80,-18.260, 0.180, 4.712, -6.438, -11.100000, 15
81,-18.260, 2.340, 0.000, -3.031, -11.100000, 118
82,-18.260, 2.340, 1.571, -5.611, -11.100000, 24
83,-18.260, 2.340, 3.142, -6.132, -11.100000, 20
84,-18.260, 2.340, 4.712, -1.604, 8.900000, 54
85,-18.260, 4.500, 0.000, -2.334, 8.900000, 229
86,-18.260, 4.500, 1.571, -2.054, -0.100000, 400
87,-18.260, 4.500, 3.142, -2.554, 8.900000, 294
88,-18.260, 4.500, 4.712, -2.330, -0.100000, 400
89,-15.920, -17.100, 0.000, -3.039, 8.900000, 134
90,-15.920, -17.100, 1.571, -2.085, -11.100000, 151
91,-15.920, -17.100, 3.142, -2.054, -11.100000, 129
92,-15.920, -17.100, 4.712, 6.013, 8.900000, 7
93,-15.920, -14.940, 0.000, 1.558, 8.900000, 18
94,-15.920, -14.940, 1.571, -0.551, 8.900000, 32
95,-15.920, -14.940, 3.142, -0.481, 9.900000, 37
96,-15.920, -14.940, 4.712, 4.526, 8.900000, 11
97,-15.920, -12.780, 0.000, -3.834, -0.100000, 400
98,-15.920, -12.780, 1.571, -2.135, -11.100000, 116
99,-15.920, -12.780, 3.142, -0.977, 8.900000, 42
100,-15.920, -12.780, 4.712, -2.632, -11.100000, 53
101,-15.920, -10.620, 0.000, -3.129, -10.100000, 170
102,-15.920, -10.620, 1.571, -3.075, -10.100000, 100
103,-15.920, -10.620, 3.142, -2.594, 9.900000, 136
104,-15.920, -10.620, 4.712, 0.957, 8.900000, 21
105,-15.920, -8.460, 0.000, -3.038, 8.900000, 135
106,-15.920, -8.460, 1.571, -4.164, -11.100000, 29
107,-15.920, -8.460, 3.142, -2.532, 8.900000, 261
108,-15.920, -8.460, 4.712, -3.127, 8.900000, 136
109,-15.920, -6.300, 0.000, -1.475, 8.900000, 40
110,-15.920, -6.300, 1.571, -3.061, -11.100000, 50
111,-15.920, -6.300, 3.142, -2.210, 8.900000, 90
112,-15.920, -6.300, 4.712, -0.674, 8.900000, 39
114,-15.920, -4.140, 1.571, -3.421, -11.100000, 44
115,-15.920, -4.140, 3.142, -2.501, 8.900000, 133
116,-15.920, -4.140, 4.712, -1.197, 8.900000, 43
117,-15.920, -1.980, 0.000, -2.196, 8.900000, 201
118,-15.920, -1.980, 1.571, -2.534, -0.100000, 400
119,-15.920, -1.980, 3.142, -2.462, -0.100000, 400
120,-15.920, -1.980, 4.712, -0.280, 8.900000, 37
121,-15.920, 0.180, 0.000, -2.399, 8.900000, 326
123,-15.920, 0.180, 3.142, -5.805, -11.100000, 18
124,-15.920, 0.180, 4.712, -1.968, 8.900000, 68
125,-15.920, 2.340, 0.000, -2.630, 8.900000, 305
126,-15.920, 2.340, 1.571, -2.906, -11.100000, 189
127,-15.920, 2.340, 3.142, -1.117, 8.900000, 50
128,-15.920, 2.340, 4.712, -2.362, -11.100000, 96
129,-15.920, 4.500, 0.000, -3.773, -11.100000, 52
130,-15.920, 4.500, 1.571, -2.134, 8.900000, 288
131,-15.920, 4.500, 3.142, -2.791, -0.100000, 400
132,-15.920, 4.500, 4.712, -2.185, 8.900000, 221
133,-13.580, -4.140, 0.000, -3.442, -0.100000, 400
134,-13.580, -4.140, 1.571, -4.160, -11.100000, 33
135,-13.580, -4.140, 3.142, -4.797, -11.100000, 24
136,-13.580, -4.140, 4.712, -3.077, -11.100000, 153
137,-13.580, -1.980, 0.000, -2.110, -0.100000, 400
138,-13.580, -1.980, 1.571, -2.586, -11.100000, 168
139,-13.580, -1.980, 3.142, -4.657, -11.100000, 25
140,-13.580, -1.980, 4.712, -2.996, -0.100000, 400
141,-13.580, 0.180, 0.000, -2.551, 8.900000, 96
142,-13.580, 0.180, 1.571, -3.049, -11.100000, 61
143,-13.580, 0.180, 3.142, -4.524, -11.100000, 26
144,-13.580, 0.180, 4.712, -2.157, 8.900000, 244
145,-13.580, 2.340, 0.000, -2.819, -11.100000, 60
146,-13.580, 2.340, 1.571, -2.943, 8.900000, 400
147,-13.580, 2.340, 3.142, -3.675, -11.100000, 34
148,-13.580, 2.340, 4.712, -1.702, 8.900000, 61
150,-13.580, 4.500, 1.571, -2.322, 8.900000, 371
151,-13.580, 4.500, 3.142, -4.628, -11.100000, 29
152,-13.580, 4.500, 4.712, -1.351, 8.900000, 56
153,-11.240, -4.140, 0.000, -2.599, -0.100000, 400
154,-11.240, -4.140, 1.571, -3.287, -11.100000, 47
155,-11.240, -4.140, 3.142, -3.010, 8.900000, 188
157,-11.240, -1.980, 0.000, -2.333, 8.900000, 193
158,-11.240, -1.980, 1.571, -2.517, -11.100000, 101
159,-11.240, -1.980, 3.142, -1.973, 8.900000, 72
160,-11.240, -1.980, 4.712, -2.454, 8.900000, 72
161,-11.240, 0.180, 0.000, -2.764, -11.100000, 77
162,-11.240, 0.180, 1.571, -3.958, -10.100000, 49
163,-11.240, 0.180, 3.142, -1.459, 8.900000, 55
164,-11.240, 0.180, 4.712, -3.364, -11.100000, 52
165,-11.240, 2.340, 0.000, -2.635, -0.100000, 400
166,-11.240, 2.340, 1.571, -4.147, -11.100000, 41
167,-11.240, 2.340, 3.142, -4.278, -11.100000, 28
168,-11.240, 2.340, 4.712, -3.551, -11.100000, 42
169,-11.240, 4.500, 0.000, -2.098, 8.900000, 348
170,-11.240, 4.500, 1.571, -2.299, 8.900000, 302
171,-11.240, 4.500, 3.142, -3.511, -11.100000, 36
172,-11.240, 4.500, 4.712, -4.278, -11.100000, 28
173,-8.900, -4.140, 0.000, -3.227, -11.100000, 66
174,-8.900, -4.140, 1.571, -2.171, 8.900000, 398
175,-8.900, -4.140, 3.142, -2.957, -11.100000, 52
176,-8.900, -4.140, 4.712, -4.061, -11.100000, 42
177,-8.900, -1.980, 0.000, -2.366, -11.100000, 231
178,-8.900, -1.980, 1.571, -2.778, -11.100000, 64
179,-8.900, -1.980, 3.142, -2.000, 8.900000, 239
180,-8.900, -1.980, 4.712, -2.822, 8.900000, 198
181,-8.900, 0.180, 0.000, -2.438, 8.900000, 353
182,-8.900, 0.180, 1.571, -2.735, 8.900000, 263
183,-8.900, 0.180, 3.142, -3.740, -11.100000, 47
184,-8.900, 0.180, 4.712, -3.169, -11.100000, 57
185,-8.900, 2.340, 0.000, -2.244, -0.100000, 400
186,-8.900, 2.340, 1.571, -2.908, 8.900000, 318
187,-8.900, 2.340, 3.142, -3.953, -11.100000, 31
188,-8.900, 2.340, 4.712, -2.471, 8.900000, 209
189,-8.900, 4.500, 0.000, -2.000, -0.100000, 400
190,-8.900, 4.500, 1.571, -3.099, -11.100000, 46
191,-8.900, 4.500, 3.142, -4.056, -11.100000, 30
192,-8.900, 4.500, 4.712, -2.375, -11.100000, 184
193,-6.560, -4.140, 0.000, -2.367, -11.100000, 71
194,-6.560, -4.140, 1.571, -2.743, -11.100000, 66
195,-6.560, -4.140, 3.142, -3.968, -11.100000, 42
196,-6.560, -4.140, 4.712, -3.256, -0.100000, 400
197,-6.560, -1.980, 0.000, -2.525, -0.100000, 400
198,-6.560, -1.980, 1.571, -2.124, 8.900000, 201
199,-6.560, -1.980, 3.142, -2.648, -11.100000, 71
200,-6.560, -1.980, 4.712, -2.868, -0.100000, 400
201,-6.560, 0.180, 0.000, -2.985, 9.900000, 263
202,-6.560, 0.180, 1.571, -2.549, -11.100000, 162
203,-6.560, 0.180, 3.142, -3.005, -11.100000, 59
204,-6.560, 0.180, 4.712, -2.815, 8.900000, 205
205,-6.560, 2.340, 0.000, -2.765, -0.100000, 400
206,-6.560, 2.340, 1.571, -2.901, 8.900000, 222
207,-6.560, 2.340, 3.142, -3.067, 8.900000, 339
208,-6.560, 2.340, 4.712, -2.412, 8.900000, 176
209,-6.560, 4.500, 0.000, -3.017, 8.900000, 354
210,-6.560, 4.500, 1.571, -2.598, 8.900000, 75
211,-6.560, 4.500, 3.142, -1.641, 8.900000, 63
212,-6.560, 4.500, 4.712, -2.570, 8.900000, 167
213,-4.220, -4.140, 0.000, -2.767, -0.100000, 400
214,-4.220, -4.140, 1.571, -2.397, -11.100000, 91
215,-4.220, -4.140, 3.142, -2.865, -11.100000, 56
216,-4.220, -4.140, 4.712, -3.362, -11.100000, 75
217,-4.220, -1.980, 0.000, -2.917, 8.900000, 126
218,-4.220, -1.980, 1.571, -3.082, -0.100000, 400
219,-4.220, -1.980, 3.142, -3.205, -11.100000, 43
220,-4.220, -1.980, 4.712, -2.566, 8.900000, 93
221,-4.220, 0.180, 0.000, -2.366, 8.900000, 338
222,-4.220, 0.180, 1.571, -2.830, -11.100000, 71
223,-4.220, 0.180, 3.142, -2.796, -11.100000, 63
224,-4.220, 0.180, 4.712, -2.706, -0.100000, 400
225,-4.220, 2.340, 0.000, -3.000, -11.100000, 89
226,-4.220, 2.340, 1.571, -2.884, -0.100000, 400
227,-4.220, 2.340, 3.142, -2.646, -0.100000, 400
228,-4.220, 2.340, 4.712, -2.942, -11.100000, 72
230,-4.220, 4.500, 1.571, -1.958, 8.900000, 107
231,-4.220, 4.500, 3.142, -2.700, -11.100000, 64
232,-4.220, 4.500, 4.712, -2.982, -11.100000, 68
233,-1.880, -4.140, 0.000, -2.315, 8.900000, 216
234,-1.880, -4.140, 1.571, -2.342, 8.900000, 228
235,-1.880, -4.140, 3.142, -3.364, -0.100000, 400
236,-1.880, -4.140, 4.712, -3.700, -0.100000, 400
237,-1.880, -1.980, 0.000, -2.776, -0.100000, 400
238,-1.880, -1.980, 1.571, -2.556, -11.100000, 74
239,-1.880, -1.980, 3.142, -2.547, 8.900000, 107
240,-1.880, -1.980, 4.712, -3.229, -0.100000, 400
241,-1.880, 0.180, 0.000, -2.364, -0.100000, 400
242,-1.880, 0.180, 1.571, -3.175, 8.900000, 139
243,-1.880, 0.180, 3.142, -2.459, 8.900000, 278
244,-1.880, 0.180, 4.712, -2.906, -11.100000, 73
245,-1.880, 2.340, 0.000, -2.313, 8.900000, 197
246,-1.880, 2.340, 1.571, -2.870, -0.100000, 400
247,-1.880, 2.340, 3.142, -2.586, 8.900000, 363
248,-1.880, 2.340, 4.712, -2.535, 9.900000, 142
249,-1.880, 4.500, 0.000, -2.157, 8.900000, 196
250,-1.880, 4.500, 1.571, -2.565, -0.100000, 400
252,-1.880, 4.500, 4.712, -2.354, -11.100000, 81
253,0.460, -4.140, 0.000, -2.879, -11.100000, 312
254,0.460, -4.140, 1.571, -2.331, -11.100000, 101
255,0.460, -4.140, 3.142, -2.817, -11.100000, 48
256,0.460, -4.140, 4.712, -3.461, -11.100000, 67
257,0.460, -1.980, 0.000, -2.500, -0.100000, 400
258,0.460, -1.980, 1.571, -2.691, 8.900000, 138
260,0.460, -1.980, 4.712, -3.211, -0.100000, 400
261,0.460, 0.180, 0.000, -2.940, -0.100000, 400
262,0.460, 0.180, 1.571, -3.231, -11.100000, 53
263,0.460, 0.180, 3.142, -2.570, -11.100000, 55
264,0.460, 0.180, 4.712, -2.642, -0.100000, 400
265,0.460, 2.340, 0.000, -2.297, 8.900000, 396
266,0.460, 2.340, 1.571, -2.937, 8.900000, 203
267,0.460, 2.340, 3.142, -2.523, -11.100000, 88
268,0.460, 2.340, 4.712, -2.411, 8.900000, 324
269,0.460, 4.500, 0.000, -2.503, 8.900000, 258
270,0.460, 4.500, 1.571, -2.465, -11.100000, 184
272,0.460, 4.500, 4.712, -2.583, -11.100000, 71
273,2.800, -4.140, 0.000, -2.550, 8.900000, 305
274,2.800, -4.140, 1.571, -2.426, 8.900000, 370
275,2.800, -4.140, 3.142, -2.518, -11.100000, 66
276,2.800, -4.140, 4.712, -3.204, -0.100000, 400
277,2.800, -1.980, 0.000, -2.397, -0.100000, 400
278,2.800, -1.980, 1.571, -2.538, -0.100000, 400
279,2.800, -1.980, 3.142, -2.379, -11.100000, 84
280,2.800, -1.980, 4.712, -2.557, 8.900000, 74
281,2.800, 0.180, 0.000, -2.271, 9.900000, 318
283,2.800, 0.180, 3.142, -2.700, -11.100000, 56
284,2.800, 0.180, 4.712, -2.331, 8.900000, 400
285,2.800, 2.340, 0.000, -2.353, 8.900000, 196
286,2.800, 2.340, 1.571, -2.903, 8.900000, 304
287,2.800, 2.340, 3.142, -3.853, 8.900000, 85
288,2.800, 2.340, 4.712, -2.689, -0.100000, 400
290,2.800, 4.500, 1.571, -2.150, -0.100000, 400
291,2.800, 4.500, 3.142, -2.989, 8.900000, 123
293,5.140, -4.140, 0.000, -2.523, 8.900000, 318
295,5.140, -4.140, 3.142, -2.473, -11.100000, 63
296,5.140, -4.140, 4.712, -3.004, -0.100000, 400
297,5.140, -1.980, 0.000, -3.012, 8.900000, 374
298,5.140, -1.980, 1.571, -2.695, -0.100000, 400
299,5.140, -1.980, 3.142, -2.301, -11.100000, 80
300,5.140, -1.980, 4.712, -2.950, -0.100000, 400
301,5.140, 0.180, 0.000, -2.610, -0.100000, 400
302,5.140, 0.180, 1.571, -2.888, -11.100000, 191
303,5.140, 0.180, 3.142, -2.502, -11.100000, 64
304,5.140, 0.180, 4.712, -2.588, -11.100000, 70
305,5.140, 2.340, 0.000, -2.434, -0.100000, 400
306,5.140, 2.340, 1.571, -2.945, 8.900000, 250
309,5.140, 4.500, 0.000, -2.475, -11.100000, 100
310,5.140, 4.500, 1.571, -2.466, -0.100000, 400
311,5.140, 4.500, 3.142, -2.433, -11.100000, 119
312,5.140, 4.500, 4.712, -2.462, -11.100000, 397
313,7.480, -4.140, 0.000, -2.582, -0.100000, 400
314,7.480, -4.140, 1.571, -2.351, -0.100000, 400
315,7.480, -4.140, 3.142, -3.206, 8.900000, 335
316,7.480, -4.140, 4.712, -2.978, 8.900000, 173
317,7.480, -1.980, 0.000, -2.573, -0.100000, 400
318,7.480, -1.980, 1.571, -2.714, -0.100000, 400
319,7.480, -1.980, 3.142, -2.110, 8.900000, 111
320,7.480, -1.980, 4.712, -3.075, -0.100000, 400
321,7.480, 0.180, 0.000, -2.927, 8.900000, 236
322,7.480, 0.180, 1.571, -2.480, 8.900000, 382
323,7.480, 0.180, 3.142, -2.735, -11.100000, 79
324,7.480, 0.180, 4.712, -2.626, 8.900000, 308
325,7.480, 2.340, 0.000, -3.239, 9.900000, 293
326,7.480, 2.340, 1.571, -3.070, 8.900000, 254
328,7.480, 2.340, 4.712, -2.698, -0.100000, 400
329,7.480, 4.500, 0.000, -2.522, 8.900000, 214
330,7.480, 4.500, 1.571, -1.963, 8.900000, 105
331,7.480, 4.500, 3.142, -2.387, -11.100000, 90
332,7.480, 4.500, 4.712, -2.372, 8.900000, 243
333,9.820, -4.140, 0.000, -3.173, -0.100000, 400
334,9.820, -4.140, 1.571, -2.750, -0.100000, 400
336,9.820, -4.140, 4.712, -3.310, 8.900000, 317
337,9.820, -1.980, 0.000, -2.601, -0.100000, 400
338,9.820, -1.980, 1.571, -2.634, -0.100000, 400
339,9.820, -1.980, 3.142, -2.626, -0.100000, 400
340,9.820, -1.980, 4.712, -3.089, -11.100000, 312
341,9.820, 0.180, 0.000, -3.082, -0.100000, 400
342,9.820, 0.180, 1.571, -2.166, -11.100000, 93
343,9.820, 0.180, 3.142, -2.319, 8.900000, 121
346,9.820, 2.340, 1.571, -3.333, -0.100000, 400
347,9.820, 2.340, 3.142, -3.052, -0.100000, 400
348,9.820, 2.340, 4.712, -2.238, -11.100000, 72
349,9.820, 4.500, 0.000, -2.154, 8.900000, 232
354,12.160, -4.140, 1.571, -2.758, 8.900000, 227
355,12.160, -4.140, 3.142, -3.046, -11.100000, 95
356,12.160, -4.140, 4.712, -3.069, 8.900000, 111
358,12.160, -1.980, 1.571, -2.699, 8.900000, 289
359,12.160, -1.980, 3.142, -2.643, 8.900000, 119
360,12.160, -1.980, 4.712, -3.337, 8.900000, 308
361,12.160, 0.180, 0.000, -2.829, -0.100000, 400
362,12.160, 0.180, 1.571, -3.133, 8.900000, 239
363,12.160, 0.180, 3.142, -2.892, -11.100000, 82
364,12.160, 0.180, 4.712, -3.038, 8.900000, 247
365,12.160, 2.340, 0.000, -3.219, -11.100000, 371
366,12.160, 2.340, 1.571, -3.533, 8.900000, 306
367,12.160, 2.340, 3.142, -2.801, 8.900000, 151
368,12.160, 2.340, 4.712, -2.821, 8.900000, 242
369,12.160, 4.500, 0.000, -3.297, -0.100000, 400
370,12.160, 4.500, 1.571, -2.489, 8.900000, 178
371,12.160, 4.500, 3.142, -2.390, -11.100000, 97
372,12.160, 4.500, 4.712, -2.111, 8.900000, 294
376,14.500, -4.140, 4.712, -2.000, -11.100000, 236
379,14.500, -1.980, 3.142, -2.271, 8.900000, 133
381,14.500, 0.180, 0.000, -2.064, 8.900000, 260
383,14.500, 0.180, 3.142, -2.528, -0.100000, 400
384,14.500, 0.180, 4.712, -2.406, -0.100000, 400
387,14.500, 2.340, 3.142, -2.951, 8.900000, 344
388,14.500, 2.340, 4.712, -3.028, -0.100000, 400
389,14.500, 4.500, 0.000, -2.421, 8.900000, 288
390,14.500, 4.500, 1.571, -2.605, 8.900000, 282
391,14.500, 4.500, 3.142, -3.057, 8.900000, 343
392,14.500, 4.500, 4.712, -2.395, -0.100000, 400
