index,x,y,theta,discounted_reward,last_reward,path_len
1,-20.600, -17.100, 0.000, 61.592, 98.900000, 10
2,-20.600, -17.100, 1.571, -4.162, -11.100000, 34
3,-20.600, -17.100, 3.142, 72.171, 98.900000, 7
4,-20.600, -17.100, 4.712, 80.184, 98.900000, 5
5,-20.600, -14.940, 0.000, -2.958, 98.900000, 173
6,-20.600, -14.940, 1.571, -2.330, -11.100000, 76
7,-20.600, -14.940, 3.142, -3.888, -11.100000, 59
8,-20.600, -14.940, 4.712, 68.462, 98.900000, 8
9,-20.600, -12.780, 0.000, 11.904, 98.900000, 39
10,-20.600, -12.780, 1.571, -2.166, -0.100000, 400
11,-20.600, -12.780, 3.142, -3.212, -0.100000, 400
12,-20.600, -12.780, 4.712, 47.206, 98.900000, 15
13,-20.600, -10.620, 0.000, 16.915, 98.900000, 33
14,-20.600, -10.620, 1.571, -2.295, -11.100000, 102
15,-20.600, -10.620, 3.142, -4.875, -11.100000, 33
16,-20.600, -10.620, 4.712, 47.206, 98.900000, 15
17,-20.600, -8.460, 0.000, -2.673, -0.100000, 400
18,-20.600, -8.460, 1.571, -2.461, -0.100000, 400
19,-20.600, -8.460, 3.142, -6.671, -11.100000, 14
20,-20.600, -8.460, 4.712, 36.075, 98.900000, 20
21,-20.600, -6.300, 0.000, 18.216, 98.900000, 32
22,-20.600, -6.300, 1.571, -8.355, -11.100000, 8
23,-20.600, -6.300, 3.142, -8.689, -11.100000, 7
24,-20.600, -6.300, 4.712, -2.222, 98.900000, 106
25,-20.600, -4.140, 0.000, 5.344, 98.900000, 50
26,-20.600, -4.140, 1.571, -2.126, -0.100000, 400
27,-20.600, -4.140, 3.142, 3.957, 99.900000, 54
28,-20.600, -4.140, 4.712, 10.773, 98.900000, 41
29,-20.600, -1.980, 0.000, -2.417, -0.100000, 400
30,-20.600, -1.980, 1.571, -2.486, 98.900000, 385
31,-20.600, -1.980, 3.142, -8.689, -11.100000, 7
32,-20.600, -1.980, 4.712, -3.068, 98.900000, 370
33,-20.600, 0.180, 0.000, -2.246, -0.100000, 400
34,-20.600, 0.180, 1.571, -6.169, -11.100000, 20
35,-20.600, 0.180, 3.142, -8.689, -11.100000, 7
36,-20.600, 0.180, 4.712, 5.890, 98.900000, 50
37,-20.600, 2.340, 0.000, -2.040, -0.100000, 400
38,-20.600, 2.340, 1.571, -6.429, -11.100000, 19
39,-20.600, 2.340, 3.142, -8.037, -11.100000, 9
40,-20.600, 2.340, 4.712, -2.571, 98.900000, 160
41,-20.600, 4.500, 0.000, -3.190, -11.100000, 134
42,-20.600, 4.500, 1.571, -2.050, -11.100000, 181
43,-20.600, 4.500, 3.142, -2.906, -11.100000, 103
44,-20.600, 4.500, 4.712, -7.176, -11.100000, 12
45,-18.260, -17.100, 0.000, -3.636, -10.100000, 73
46,-18.260, -17.100, 1.571, -2.243, -0.100000, 400
47,-18.260, -17.100, 3.142, 42.409, 98.900000, 17
48,-18.260, -17.100, 4.712, 80.184, 98.900000, 5
49,-18.260, -14.940, 0.000, -3.555, -11.100000, 78
50,-18.260, -14.940, 1.571, -2.492, -11.100000, 385
51,-18.260, -14.940, 3.142, -2.676, -11.100000, 120
52,-18.260, -14.940, 4.712, -2.694, -11.100000, 188
53,-18.260, -12.780, 0.000, 31.548, 98.900000, 22
54,-18.260, -12.780, 1.571, -2.683, 98.900000, 325
55,-18.260, -12.780, 3.142, -3.138, 98.900000, 398
56,-18.260, -12.780, 4.712, 49.796, 98.900000, 14
57,-18.260, -10.620, 0.000, -2.432, -11.100000, 72
58,-18.260, -10.620, 1.571, -4.056, -11.100000, 30
59,-18.260, -10.620, 3.142, -2.439, 98.900000, 314
60,-18.260, -10.620, 4.712, 16.105, 98.900000, 34
61,-18.260, -8.460, 0.000, 12.771, 98.900000, 37
62,-18.260, -8.460, 1.571, 7.155, 99.900000, 46
63,-18.260, -8.460, 3.142, 5.434, 98.900000, 50
64,-18.260, -8.460, 4.712, 38.079, 98.900000, 19
65,-18.260, -6.300, 0.000, 9.310, 98.900000, 42
66,-18.260, -6.300, 1.571, -3.330, -11.100000, 45
67,-18.260, -6.300, 3.142, -2.529, 98.900000, 377
68,-18.260, -6.300, 4.712, -2.528, 98.900000, 375
69,-18.260, -4.140, 0.000, -2.135, 98.900000, 321
70,-18.260, -4.140, 1.571, -2.183, 98.900000, 231
71,-18.260, -4.140, 3.142, -2.573, 98.900000, 386
72,-18.260, -4.140, 4.712, -3.951, -11.100000, 36
73,-18.260, -1.980, 0.000, -2.727, 98.900000, 334
74,-18.260, -1.980, 1.571, -2.671, 99.900000, 242
75,-18.260, -1.980, 3.142, -6.671, -11.100000, 14
76,-18.260, -1.980, 4.712, 10.590, 98.900000, 41
77,-18.260, 0.180, 0.000, -2.240, -0.100000, 400
78,-18.260, 0.180, 1.571, -5.287, -11.100000, 25
79,-18.260, 0.180, 3.142, -6.216, -11.100000, 16
80,-18.260, 0.180, 4.712, -6.438, -11.100000, 15
81,-18.260, 2.340, 0.000, -2.595, -0.100000, 400
82,-18.260, 2.340, 1.571, -5.914, -11.100000, 22
83,-18.260, 2.340, 3.142, -7.176, -11.100000, 12
84,-18.260, 2.340, 4.712, -2.275, -11.100000, 164
85,-18.260, 4.500, 0.000, -2.397, 98.900000, 168
86,-18.260, 4.500, 1.571, -6.005, -11.100000, 17
87,-18.260, 4.500, 3.142, -7.176, -11.100000, 12
88,-18.260, 4.500, 4.712, -2.444, 98.900000, 373
89,-15.920, -17.100, 0.000, -3.293, -11.100000, 68
90,-15.920, -17.100, 1.571, -1.844, 98.900000, 89
91,-15.920, -17.100, 3.142, 9.305, 98.900000, 43
92,-15.920, -17.100, 4.712, 76.074, 98.900000, 6
93,-15.920, -14.940, 0.000, 41.409, 98.900000, 17
94,-15.920, -14.940, 1.571, -2.812, -11.100000, 217
95,-15.920, -14.940, 3.142, 9.921, 98.900000, 42
96,-15.920, -14.940, 4.712, -3.311, -11.100000, 74
97,-15.920, -12.780, 0.000, 46.206, 98.900000, 15
98,-15.920, -12.780, 1.571, -3.017, -11.100000, 298
99,-15.920, -12.780, 3.142, 42.409, 98.900000, 17
100,-15.920, -12.780, 4.712, -3.767, -11.100000, 48
101,-15.920, -10.620, 0.000, 24.989, 98.900000, 26
102,-15.920, -10.620, 1.571, -3.094, 98.900000, 341
103,-15.920, -10.620, 3.142, -4.164, -11.100000, 29
104,-15.920, -10.620, 4.712, 36.075, 98.900000, 20
105,-15.920, -8.460, 0.000, -4.856, -11.100000, 32
106,-15.920, -8.460, 1.571, 13.063, 98.900000, 37
107,-15.920, -8.460, 3.142, 5.244, 98.900000, 51
108,-15.920, -8.460, 4.712, 31.460, 98.900000, 22
109,-15.920, -6.300, 0.000, 13.017, 98.900000, 37
110,-15.920, -6.300, 1.571, -2.292, -0.100000, 400
111,-15.920, -6.300, 3.142, -2.599, -11.100000, 83
112,-15.920, -6.300, 4.712, 24.589, 98.900000, 27
113,-15.920, -4.140, 0.000, -2.000, 98.900000, 292
114,-15.920, -4.140, 1.571, -2.798, -0.100000, 400
115,-15.920, -4.140, 3.142, -4.944, -11.100000, 23
116,-15.920, -4.140, 4.712, 13.105, 98.900000, 37
117,-15.920, -1.980, 0.000, -2.984, -0.100000, 400
118,-15.920, -1.980, 1.571, -2.420, 98.900000, 278
119,-15.920, -1.980, 3.142, -6.671, -11.100000, 14
120,-15.920, -1.980, 4.712, -2.944, 98.900000, 195
121,-15.920, 0.180, 0.000, -2.073, -0.100000, 400
122,-15.920, 0.180, 1.571, -4.052, -11.100000, 42
123,-15.920, 0.180, 3.142, -6.005, -11.100000, 17
124,-15.920, 0.180, 4.712, -3.741, -11.100000, 42
125,-15.920, 2.340, 0.000, -2.348, -11.100000, 85
126,-15.920, 2.340, 1.571, -4.250, -11.100000, 37
127,-15.920, 2.340, 3.142, -5.075, -11.100000, 25
128,-15.920, 2.340, 4.712, -5.615, -11.100000, 19
130,-15.920, 4.500, 1.571, -2.049, -0.100000, 400
131,-15.920, 4.500, 3.142, -5.532, -11.100000, 24
132,-15.920, 4.500, 4.712, -5.434, -11.100000, 20
134,-13.580, -4.140, 1.571, -4.009, -11.100000, 39
135,-13.580, -4.140, 3.142, 5.998, 98.900000, 50
136,-13.580, -4.140, 4.712, -3.079, -11.100000, 197
137,-13.580, -1.980, 0.000, -0.665, 98.900000, 77
138,-13.580, -1.980, 1.571, -4.056, -11.100000, 30
139,-13.580, -1.980, 3.142, 6.841, 98.900000, 48
140,-13.580, -1.980, 4.712, -2.000, -0.100000, 400
141,-13.580, 0.180, 0.000, -3.259, -11.100000, 63
142,-13.580, 0.180, 1.571, -3.489, -11.100000, 109
143,-13.580, 0.180, 3.142, 7.532, 98.900000, 47
144,-13.580, 0.180, 4.712, -2.078, 98.900000, 293
145,-13.580, 2.340, 0.000, -2.450, -11.100000, 111
146,-13.580, 2.340, 1.571, -5.284, -11.100000, 33
147,-13.580, 2.340, 3.142, -5.262, -11.100000, 21
148,-13.580, 2.340, 4.712, -3.140, -11.100000, 129
149,-13.580, 4.500, 0.000, -2.158, -0.100000, 400
150,-13.580, 4.500, 1.571, -2.074, -11.100000, 148
151,-13.580, 4.500, 3.142, -4.278, -11.100000, 28
152,-13.580, 4.500, 4.712, -2.718, -11.100000, 80
153,-11.240, -4.140, 0.000, -3.030, 98.900000, 391
154,-11.240, -4.140, 1.571, -1.426, 98.900000, 89
155,-11.240, -4.140, 3.142, -3.252, -1.100000, 400
156,-11.240, -4.140, 4.712, -3.044, -0.100000, 400
157,-11.240, -1.980, 0.000, -2.251, -0.100000, 400
158,-11.240, -1.980, 1.571, -4.490, -11.100000, 33
159,-11.240, -1.980, 3.142, -4.398, -11.100000, 27
160,-11.240, -1.980, 4.712, -2.963, -0.100000, 400
161,-11.240, 0.180, 0.000, -2.430, -0.100000, 400
162,-11.240, 0.180, 1.571, -3.093, 98.900000, 170
163,-11.240, 0.180, 3.142, 13.502, 98.900000, 37
164,-11.240, 0.180, 4.712, -2.643, -0.100000, 400
165,-11.240, 2.340, 0.000, -2.895, 98.900000, 280
166,-11.240, 2.340, 1.571, -2.837, 98.900000, 302
167,-11.240, 2.340, 3.142, -1.481, 98.900000, 98
168,-11.240, 2.340, 4.712, -3.803, -11.100000, 36
169,-11.240, 4.500, 0.000, -3.889, -11.100000, 48
170,-11.240, 4.500, 1.571, -2.278, -0.100000, 400
171,-11.240, 4.500, 3.142, 3.184, 98.900000, 58
172,-11.240, 4.500, 4.712, -3.037, 98.900000, 195
173,-8.900, -4.140, 0.000, -2.471, -11.100000, 346
174,-8.900, -4.140, 1.571, -2.453, 98.900000, 185
175,-8.900, -4.140, 3.142, -4.056, -11.100000, 30
176,-8.900, -4.140, 4.712, -3.051, -0.100000, 400
177,-8.900, -1.980, 0.000, -2.296, -0.100000, 400
178,-8.900, -1.980, 1.571, -2.634, -1.100000, 400
179,-8.900, -1.980, 3.142, -3.272, -11.100000, 54
180,-8.900, -1.980, 4.712, -3.546, -0.100000, 400
181,-8.900, 0.180, 0.000, -2.729, 98.900000, 320
182,-8.900, 0.180, 1.571, -2.747, 98.900000, 320
183,-8.900, 0.180, 3.142, 5.513, 98.900000, 51
184,-8.900, 0.180, 4.712, -0.911, 98.900000, 78
185,-8.900, 2.340, 0.000, -2.223, -0.100000, 400
186,-8.900, 2.340, 1.571, -4.620, -11.100000, 33
187,-8.900, 2.340, 3.142, -3.593, -11.100000, 40
188,-8.900, 2.340, 4.712, -2.131, 98.900000, 397
190,-8.900, 4.500, 1.571, -3.003, -11.100000, 44
191,-8.900, 4.500, 3.142, -2.520, 98.900000, 319
192,-8.900, 4.500, 4.712, -2.505, 98.900000, 251
193,-6.560, -4.140, 0.000, -2.277, -11.100000, 231
194,-6.560, -4.140, 1.571, -2.420, 98.900000, 355
195,-6.560, -4.140, 3.142, -3.857, 99.900000, 355
196,-6.560, -4.140, 4.712, -3.700, -11.100000, 51
197,-6.560, -1.980, 0.000, -2.351, 98.900000, 198
198,-6.560, -1.980, 1.571, -3.024, -11.100000, 51
199,-6.560, -1.980, 3.142, -0.483, 98.900000, 81
200,-6.560, -1.980, 4.712, -1.191, 98.900000, 82
201,-6.560, 0.180, 0.000, -2.349, -0.100000, 400
202,-6.560, 0.180, 1.571, -2.550, -0.100000, 400
203,-6.560, 0.180, 3.142, -3.683, -11.100000, 41
204,-6.560, 0.180, 4.712, -2.933, -0.100000, 400
205,-6.560, 2.340, 0.000, -2.105, 98.900000, 321
206,-6.560, 2.340, 1.571, -3.762, -11.100000, 46
207,-6.560, 2.340, 3.142, -3.342, -11.100000, 53
208,-6.560, 2.340, 4.712, -0.812, 98.900000, 76
209,-6.560, 4.500, 0.000, -2.219, 98.900000, 168
210,-6.560, 4.500, 1.571, -3.111, -11.100000, 42
211,-6.560, 4.500, 3.142, -2.679, 98.900000, 397
212,-6.560, 4.500, 4.712, -3.763, -11.100000, 33
213,-4.220, -4.140, 0.000, -2.301, -11.100000, 370
214,-4.220, -4.140, 1.571, -2.890, -0.100000, 400
215,-4.220, -4.140, 3.142, -2.939, -11.100000, 56
216,-4.220, -4.140, 4.712, -3.081, 98.900000, 349
218,-4.220, -1.980, 1.571, -2.967, -11.100000, 62
219,-4.220, -1.980, 3.142, -3.237, -11.100000, 66
220,-4.220, -1.980, 4.712, -2.851, 98.900000, 251
221,-4.220, 0.180, 0.000, -2.216, -0.100000, 400
222,-4.220, 0.180, 1.571, -2.877, -11.100000, 69
223,-4.220, 0.180, 3.142, -2.550, -0.100000, 400
224,-4.220, 0.180, 4.712, -2.367, 98.900000, 217
225,-4.220, 2.340, 0.000, -2.264, 98.900000, 224
226,-4.220, 2.340, 1.571, -3.601, 98.900000, 327
227,-4.220, 2.340, 3.142, -3.864, -11.100000, 47
228,-4.220, 2.340, 4.712, -2.633, -0.100000, 400
230,-4.220, 4.500, 1.571, -1.949, 98.900000, 133
232,-4.220, 4.500, 4.712, -2.575, -11.100000, 66
233,-1.880, -4.140, 0.000, -2.252, -0.100000, 400
234,-1.880, -4.140, 1.571, -2.406, 98.900000, 306
235,-1.880, -4.140, 3.142, -4.246, 98.900000, 158
236,-1.880, -4.140, 4.712, -3.090, -0.100000, 400
237,-1.880, -1.980, 0.000, -2.407, -0.100000, 400
238,-1.880, -1.980, 1.571, -2.817, -11.100000, 48
239,-1.880, -1.980, 3.142, -3.490, -11.100000, 47
240,-1.880, -1.980, 4.712, -3.073, -0.100000, 400
241,-1.880, 0.180, 0.000, -2.316, -0.100000, 400
242,-1.880, 0.180, 1.571, -3.055, -11.100000, 43
243,-1.880, 0.180, 3.142, 1.417, 98.900000, 67
244,-1.880, 0.180, 4.712, -2.911, 98.900000, 118
245,-1.880, 2.340, 0.000, -2.875, 98.900000, 295
247,-1.880, 2.340, 3.142, -3.303, -11.100000, 59
248,-1.880, 2.340, 4.712, -2.776, -11.100000, 49
249,-1.880, 4.500, 0.000, -2.591, -0.100000, 400
250,-1.880, 4.500, 1.571, -2.125, -0.100000, 400
251,-1.880, 4.500, 3.142, -2.126, -0.100000, 400
252,-1.880, 4.500, 4.712, -2.630, -0.100000, 400
253,0.460, -4.140, 0.000, -3.371, 98.900000, 336
254,0.460, -4.140, 1.571, -2.560, -0.100000, 400
255,0.460, -4.140, 3.142, -3.439, -11.100000, 58
256,0.460, -4.140, 4.712, -3.217, 98.900000, 356
257,0.460, -1.980, 0.000, -2.305, 98.900000, 307
258,0.460, -1.980, 1.571, -2.614, 98.900000, 362
259,0.460, -1.980, 3.142, -1.152, 98.900000, 82
260,0.460, -1.980, 4.712, -2.793, -11.100000, 96
261,0.460, 0.180, 0.000, -2.879, -0.100000, 400
262,0.460, 0.180, 1.571, -2.207, 98.900000, 313
263,0.460, 0.180, 3.142, 0.243, 98.900000, 71
264,0.460, 0.180, 4.712, -2.544, -11.100000, 375
265,0.460, 2.340, 0.000, -2.382, 98.900000, 126
266,0.460, 2.340, 1.571, -2.925, 98.900000, 334
267,0.460, 2.340, 3.142, -2.579, -11.100000, 80
268,0.460, 2.340, 4.712, -1.771, 98.900000, 87
269,0.460, 4.500, 0.000, -2.005, 98.900000, 390
270,0.460, 4.500, 1.571, -2.821, -0.100000, 400
271,0.460, 4.500, 3.142, -2.844, -11.100000, 66
273,2.800, -4.140, 0.000, -2.499, -0.100000, 400
274,2.800, -4.140, 1.571, -2.449, 98.900000, 265
275,2.800, -4.140, 3.142, -2.900, 98.900000, 254
276,2.800, -4.140, 4.712, -3.010, -0.100000, 400
277,2.800, -1.980, 0.000, -2.975, -0.100000, 400
278,2.800, -1.980, 1.571, -2.664, -0.100000, 400
279,2.800, -1.980, 3.142, -2.774, 98.900000, 321
280,2.800, -1.980, 4.712, -2.420, 98.900000, 93
281,2.800, 0.180, 0.000, -3.156, -0.100000, 400
282,2.800, 0.180, 1.571, -3.186, 98.900000, 268
283,2.800, 0.180, 3.142, 0.073, 98.900000, 76
284,2.800, 0.180, 4.712, -3.040, 98.900000, 270
285,2.800, 2.340, 0.000, -2.251, -0.100000, 400
286,2.800, 2.340, 1.571, -3.266, -0.100000, 400
287,2.800, 2.340, 3.142, -2.680, 98.900000, 144
288,2.800, 2.340, 4.712, -2.630, 98.900000, 358
289,2.800, 4.500, 0.000, -2.280, 98.900000, 203
290,2.800, 4.500, 1.571, -1.887, 98.900000, 133
292,2.800, 4.500, 4.712, -1.059, 98.900000, 87
293,5.140, -4.140, 0.000, -2.717, 98.900000, 173
294,5.140, -4.140, 1.571, -2.894, -0.100000, 400
295,5.140, -4.140, 3.142, -2.763, -0.100000, 400
296,5.140, -4.140, 4.712, -3.162, 98.900000, 201
297,5.140, -1.980, 0.000, -2.962, -0.100000, 400
298,5.140, -1.980, 1.571, -2.537, -11.100000, 72
299,5.140, -1.980, 3.142, -2.468, 98.900000, 132
300,5.140, -1.980, 4.712, -3.028, 98.900000, 204
301,5.140, 0.180, 0.000, -2.443, -0.100000, 400
302,5.140, 0.180, 1.571, -2.599, -0.100000, 400
303,5.140, 0.180, 3.142, -1.849, 99.900000, 91
305,5.140, 2.340, 0.000, -2.322, 98.900000, 378
306,5.140, 2.340, 1.571, -2.975, -0.100000, 400
307,5.140, 2.340, 3.142, -2.378, -11.100000, 63
308,5.140, 2.340, 4.712, -3.078, -0.100000, 400
311,5.140, 4.500, 3.142, -2.069, -0.100000, 400
312,5.140, 4.500, 4.712, -2.417, -11.100000, 119
315,7.480, -4.140, 3.142, -1.857, 98.900000, 108
316,7.480, -4.140, 4.712, -3.027, 98.900000, 308
317,7.480, -1.980, 0.000, -2.609, 98.900000, 151
318,7.480, -1.980, 1.571, -2.771, 98.900000, 338
319,7.480, -1.980, 3.142, -2.372, 98.900000, 207
320,7.480, -1.980, 4.712, -2.700, 98.900000, 126
321,7.480, 0.180, 0.000, -2.684, -11.100000, 231
323,7.480, 0.180, 3.142, -1.969, 98.900000, 106
324,7.480, 0.180, 4.712, -2.773, 98.900000, 243
325,7.480, 2.340, 0.000, -2.381, 98.900000, 155
326,7.480, 2.340, 1.571, -2.958, -0.100000, 400
327,7.480, 2.340, 3.142, -2.378, 98.900000, 127
328,7.480, 2.340, 4.712, -2.877, 99.900000, 282
329,7.480, 4.500, 0.000, -2.335, 98.900000, 102
330,7.480, 4.500, 1.571, -3.186, -0.100000, 400
331,7.480, 4.500, 3.142, -0.722, 98.900000, 83
332,7.480, 4.500, 4.712, -2.591, -0.100000, 400
333,9.820, -4.140, 0.000, -2.807, -0.100000, 400
334,9.820, -4.140, 1.571, -2.403, -0.100000, 400
335,9.820, -4.140, 3.142, -3.342, -0.100000, 400
336,9.820, -4.140, 4.712, -3.310, 98.900000, 175
337,9.820, -1.980, 0.000, -3.148, -0.100000, 400
338,9.820, -1.980, 1.571, -2.532, -0.100000, 400
339,9.820, -1.980, 3.142, -3.155, 98.900000, 224
340,9.820, -1.980, 4.712, -2.980, 98.900000, 293
341,9.820, 0.180, 0.000, -2.896, -0.100000, 400
342,9.820, 0.180, 1.571, -2.794, -0.100000, 400
343,9.820, 0.180, 3.142, -2.634, -0.100000, 400
344,9.820, 0.180, 4.712, -2.805, -0.100000, 400
345,9.820, 2.340, 0.000, -3.177, -0.100000, 400
347,9.820, 2.340, 3.142, -2.542, -11.100000, 203
348,9.820, 2.340, 4.712, -1.933, 98.900000, 110
349,9.820, 4.500, 0.000, -2.871, 98.900000, 311
350,9.820, 4.500, 1.571, -2.463, -0.100000, 400
354,12.160, -4.140, 1.571, -2.390, -0.100000, 400
355,12.160, -4.140, 3.142, -2.451, -0.100000, 400
357,12.160, -1.980, 0.000, -3.166, 99.900000, 326
358,12.160, -1.980, 1.571, -2.494, -0.100000, 400
359,12.160, -1.980, 3.142, -2.603, 98.900000, 339
360,12.160, -1.980, 4.712, -3.287, -0.100000, 400
362,12.160, 0.180, 1.571, -2.850, -0.100000, 400
363,12.160, 0.180, 3.142, -1.357, 98.900000, 99
364,12.160, 0.180, 4.712, -2.590, -0.100000, 400
365,12.160, 2.340, 0.000, -3.264, 98.900000, 350
366,12.160, 2.340, 1.571, -3.080, -0.100000, 400
367,12.160, 2.340, 3.142, -2.908, -0.100000, 400
368,12.160, 2.340, 4.712, -2.754, 98.900000, 325
370,12.160, 4.500, 1.571, -2.192, -0.100000, 400
371,12.160, 4.500, 3.142, -2.305, 98.900000, 311
372,12.160, 4.500, 4.712, -2.821, 98.900000, 317
373,14.500, -4.140, 0.000, -2.098, -0.100000, 400
374,14.500, -4.140, 1.571, -3.006, -0.100000, 400
376,14.500, -4.140, 4.712, -2.358, 98.900000, 166
378,14.500, -1.980, 1.571, -2.540, -11.100000, 398
379,14.500, -1.980, 3.142, -2.345, -11.100000, 124
380,14.500, -1.980, 4.712, -2.713, 98.900000, 220
381,14.500, 0.180, 0.000, -2.499, 98.900000, 236
382,14.500, 0.180, 1.571, -2.794, 98.900000, 300
383,14.500, 0.180, 3.142, -2.769, 98.900000, 126
385,14.500, 2.340, 0.000, -2.215, -0.100000, 400
386,14.500, 2.340, 1.571, -2.818, -0.100000, 400
391,14.500, 4.500, 3.142, -2.190, -11.100000, 117
392,14.500, 4.500, 4.712, -2.000, -0.100000, 400
