index,x,y,theta,discounted_reward,last_reward,path_len
1,-20.600, -17.100, 0.000, -2.079, 8.900000, 278
2,-20.600, -17.100, 1.571, -2.338, -11.100000, 72
3,-20.600, -17.100, 3.142, 0.552, 8.900000, 25
4,-20.600, -17.100, 4.712, 6.434, 8.900000, 6
5,-20.600, -14.940, 0.000, -1.017, 8.900000, 39
6,-20.600, -14.940, 1.571, -2.070, 8.900000, 278
7,-20.600, -14.940, 3.142, 2.027, 9.900000, 20
8,-20.600, -14.940, 4.712, 3.595, 8.900000, 14
9,-20.600, -12.780, 0.000, -1.017, 8.900000, 39
10,-20.600, -12.780, 1.571, -4.944, -11.100000, 23
11,-20.600, -12.780, 3.142, -3.214, -11.100000, 138
12,-20.600, -12.780, 4.712, 3.595, 8.900000, 14
13,-20.600, -10.620, 0.000, -3.169, -11.100000, 41
14,-20.600, -10.620, 1.571, -5.805, -11.100000, 18
15,-20.600, -10.620, 3.142, -0.662, 8.900000, 33
16,-20.600, -10.620, 4.712, 2.797, 8.900000, 17
17,-20.600, -8.460, 0.000, -2.417, 8.900000, 332
18,-20.600, -8.460, 1.571, -6.917, -11.100000, 13
19,-20.600, -8.460, 3.142, -3.994, -11.100000, 38
20,-20.600, -8.460, 4.712, -0.587, 8.900000, 36
21,-20.600, -6.300, 0.000, -2.713, -11.100000, 168
22,-20.600, -6.300, 1.571, -2.241, -11.100000, 150
23,-20.600, -6.300, 3.142, -7.176, -11.100000, 12
24,-20.600, -6.300, 4.712, -2.013, 8.900000, 58
25,-20.600, -4.140, 0.000, -2.531, -11.100000, 374
26,-20.600, -4.140, 1.571, -2.742, 8.900000, 343
27,-20.600, -4.140, 3.142, -2.789, -11.100000, 156
28,-20.600, -4.140, 4.712, -1.484, 8.900000, 47
29,-20.600, -1.980, 0.000, -2.038, 8.900000, 410
30,-20.600, -1.980, 1.571, -5.384, -11.100000, 23
31,-20.600, -1.980, 3.142, -4.226, -11.100000, 33
32,-20.600, -1.980, 4.712, -3.010, 8.900000, 399
33,-20.600, 0.180, 0.000, -2.430, 8.900000, 392
34,-20.600, 0.180, 1.571, -3.001, 8.900000, 665
35,-20.600, 0.180, 3.142, -8.689, -11.100000, 7
36,-20.600, 0.180, 4.712, -2.186, 8.900000, 69
37,-20.600, 2.340, 0.000, -2.938, -11.100000, 62
38,-20.600, 2.340, 1.571, -2.909, 8.900000, 447
39,-20.600, 2.340, 3.142, -8.355, -11.100000, 8
40,-20.600, 2.340, 4.712, -7.449, -11.100000, 11
41,-20.600, 4.500, 0.000, -2.153, 8.900000, 302
42,-20.600, 4.500, 1.571, -5.099, -11.100000, 22
43,-20.600, 4.500, 3.142, -8.689, -11.100000, 7
44,-20.600, 4.500, 4.712, -2.233, 8.900000, 237
45,-18.260, -17.100, 0.000, -1.124, 8.900000, 40
46,-18.260, -17.100, 1.571, -2.431, -11.100000, 65
47,-18.260, -17.100, 3.142, -2.338, 8.900000, 221
48,-18.260, -17.100, 4.712, 6.434, 8.900000, 6
49,-18.260, -14.940, 0.000, -3.142, 8.900000, 138
50,-18.260, -14.940, 1.571, -2.466, -11.100000, 67
51,-18.260, -14.940, 3.142, -2.674, -11.100000, 93
52,-18.260, -14.940, 4.712, 5.231, 8.900000, 9
53,-18.260, -12.780, 0.000, -3.263, 8.900000, 164
54,-18.260, -12.780, 1.571, -2.789, 9.900000, 126
55,-18.260, -12.780, 3.142, -2.570, 8.900000, 547
56,-18.260, -12.780, 4.712, -0.703, 8.900000, 36
57,-18.260, -10.620, 0.000, -3.344, -11.100000, 55
58,-18.260, -10.620, 1.571, -4.278, -11.100000, 28
59,-18.260, -10.620, 3.142, -4.797, -11.100000, 24
60,-18.260, -10.620, 4.712, -1.620, 8.900000, 53
61,-18.260, -8.460, 0.000, -2.846, 8.900000, 173
62,-18.260, -8.460, 1.571, -4.944, -11.100000, 23
63,-18.260, -8.460, 3.142, -2.037, 8.900000, 58
64,-18.260, -8.460, 4.712, 1.024, 8.900000, 26
65,-18.260, -6.300, 0.000, -2.261, 9.900000, 162
66,-18.260, -6.300, 1.571, -2.666, 8.900000, 419
67,-18.260, -6.300, 3.142, -2.743, 8.900000, 158
68,-18.260, -6.300, 4.712, -0.677, 8.900000, 36
69,-18.260, -4.140, 0.000, -2.440, 8.900000, 189
70,-18.260, -4.140, 1.571, -3.078, -11.100000, 50
71,-18.260, -4.140, 3.142, -2.998, -11.100000, 54
72,-18.260, -4.140, 4.712, -0.677, 8.900000, 36
73,-18.260, -1.980, 0.000, -2.705, -11.100000, 67
74,-18.260, -1.980, 1.571, -6.438, -11.100000, 15
75,-18.260, -1.980, 3.142, -7.176, -11.100000, 12
76,-18.260, -1.980, 4.712, -1.870, 8.900000, 63
77,-18.260, 0.180, 0.000, -2.800, -11.100000, 60
78,-18.260, 0.180, 1.571, -2.673, 8.900000, 722
80,-18.260, 0.180, 4.712, -0.599, 8.900000, 41
81,-18.260, 2.340, 0.000, -2.339, 8.900000, 359
82,-18.260, 2.340, 1.571, -2.913, 8.900000, 755
83,-18.260, 2.340, 3.142, -7.176, -11.100000, 12
84,-18.260, 2.340, 4.712, -1.467, 8.900000, 52
85,-18.260, 4.500, 0.000, -2.229, 8.900000, 373
86,-18.260, 4.500, 1.571, -4.398, -11.100000, 27
87,-18.260, 4.500, 3.142, -5.805, -11.100000, 18
88,-18.260, 4.500, 4.712, -1.022, 8.900000, 48
89,-15.920, -17.100, 0.000, -0.128, 8.900000, 27
90,-15.920, -17.100, 1.571, 0.448, 8.900000, 24
91,-15.920, -17.100, 3.142, 4.870, 8.900000, 10
92,-15.920, -17.100, 4.712, 3.250, 8.900000, 12
93,-15.920, -14.940, 0.000, 2.100, 8.900000, 16
94,-15.920, -14.940, 1.571, -2.397, 8.900000, 284
95,-15.920, -14.940, 3.142, -1.399, 8.900000, 48
96,-15.920, -14.940, 4.712, -2.952, 8.900000, 144
97,-15.920, -12.780, 0.000, -3.007, 8.900000, 150
98,-15.920, -12.780, 1.571, -3.649, -11.100000, 55
99,-15.920, -12.780, 3.142, -2.064, 8.900000, 65
100,-15.920, -12.780, 4.712, -1.449, 8.900000, 46
101,-15.920, -10.620, 0.000, -1.480, 8.900000, 36
102,-15.920, -10.620, 1.571, -2.792, 8.900000, 316
103,-15.920, -10.620, 3.142, -2.619, -11.100000, 76
104,-15.920, -10.620, 4.712, 2.558, 8.900000, 18
105,-15.920, -8.460, 0.000, -3.109, 8.900000, 111
106,-15.920, -8.460, 1.571, -2.120, 8.900000, 93
107,-15.920, -8.460, 3.142, -3.339, -11.100000, 50
108,-15.920, -8.460, 4.712, 1.163, 8.900000, 20
109,-15.920, -6.300, 0.000, -2.067, 8.900000, 50
110,-15.920, -6.300, 1.571, -2.098, 8.900000, 420
111,-15.920, -6.300, 3.142, -5.434, -11.100000, 20
112,-15.920, -6.300, 4.712, 1.907, 8.900000, 21
113,-15.920, -4.140, 0.000, -2.916, 8.900000, 248
114,-15.920, -4.140, 1.571, -2.241, 8.900000, 318
115,-15.920, -4.140, 3.142, -3.856, -11.100000, 32
116,-15.920, -4.140, 4.712, -0.241, 8.900000, 32
117,-15.920, -1.980, 0.000, -2.585, 8.900000, 410
118,-15.920, -1.980, 1.571, -4.347, -10.100000, 33
119,-15.920, -1.980, 3.142, -6.671, -11.100000, 14
120,-15.920, -1.980, 4.712, -3.943, -11.100000, 41
121,-15.920, 0.180, 0.000, -2.448, 8.900000, 460
122,-15.920, 0.180, 1.571, -3.262, -11.100000, 53
123,-15.920, 0.180, 3.142, -3.153, -11.100000, 52
124,-15.920, 0.180, 4.712, -0.799, 8.900000, 44
125,-15.920, 2.340, 0.000, -2.534, 8.900000, 193
126,-15.920, 2.340, 1.571, -3.938, -10.100000, 43
127,-15.920, 2.340, 3.142, -5.805, -11.100000, 18
128,-15.920, 2.340, 4.712, -0.669, 8.900000, 42
129,-15.920, 4.500, 0.000, -4.119, -11.100000, 41
130,-15.920, 4.500, 1.571, -4.164, -11.100000, 29
131,-15.920, 4.500, 3.142, -5.615, -11.100000, 19
132,-15.920, 4.500, 4.712, -2.414, 8.900000, 346
133,-13.580, -4.140, 0.000, -2.386, 8.900000, 726
134,-13.580, -4.140, 1.571, -2.415, 8.900000, 392
135,-13.580, -4.140, 3.142, -5.560, -11.100000, 25
136,-13.580, -4.140, 4.712, -3.098, -11.100000, 346
137,-13.580, -1.980, 0.000, -2.702, -11.100000, 66
138,-13.580, -1.980, 1.571, -2.281, 8.900000, 311
139,-13.580, -1.980, 3.142, -2.907, -11.100000, 58
140,-13.580, -1.980, 4.712, -2.799, 8.900000, 258
141,-13.580, 0.180, 0.000, -3.415, -11.100000, 48
142,-13.580, 0.180, 1.571, -4.188, -11.100000, 34
143,-13.580, 0.180, 3.142, -5.099, -11.100000, 22
144,-13.580, 0.180, 4.712, -2.916, -11.100000, 52
145,-13.580, 2.340, 0.000, -2.077, 8.900000, 250
146,-13.580, 2.340, 1.571, -2.721, 8.900000, 231
147,-13.580, 2.340, 3.142, -3.431, -10.100000, 39
148,-13.580, 2.340, 4.712, -2.459, 9.900000, 227
149,-13.580, 4.500, 0.000, -2.126, -11.100000, 289
150,-13.580, 4.500, 1.571, -4.524, -11.100000, 26
151,-13.580, 4.500, 3.142, -1.281, 8.900000, 54
152,-13.580, 4.500, 4.712, -1.836, 8.900000, 72
153,-11.240, -4.140, 0.000, -2.252, 8.900000, 203
154,-11.240, -4.140, 1.571, -2.576, 8.900000, 110
155,-11.240, -4.140, 3.142, -3.021, -11.100000, 581
156,-11.240, -4.140, 4.712, -3.261, 8.900000, 159
157,-11.240, -1.980, 0.000, -2.926, 8.900000, 445
158,-11.240, -1.980, 1.571, -2.220, 8.900000, 228
159,-11.240, -1.980, 3.142, -2.164, 8.900000, 90
160,-11.240, -1.980, 4.712, -4.046, -11.100000, 40
161,-11.240, 0.180, 0.000, -2.509, 8.900000, 104
162,-11.240, 0.180, 1.571, -2.743, 8.900000, 172
163,-11.240, 0.180, 3.142, -3.067, -10.100000, 51
164,-11.240, 0.180, 4.712, -2.678, 8.900000, 250
165,-11.240, 2.340, 0.000, -2.325, 8.900000, 218
166,-11.240, 2.340, 1.571, -2.443, 8.900000, 587
167,-11.240, 2.340, 3.142, -2.978, -11.100000, 59
168,-11.240, 2.340, 4.712, -3.315, -11.100000, 55
169,-11.240, 4.500, 0.000, -2.116, 9.900000, 254
170,-11.240, 4.500, 1.571, -2.090, 8.900000, 240
171,-11.240, 4.500, 3.142, -3.361, -11.100000, 42
172,-11.240, 4.500, 4.712, -1.747, 8.900000, 67
174,-8.900, -4.140, 1.571, -2.336, 8.900000, 1111
175,-8.900, -4.140, 3.142, -3.315, -11.100000, 42
176,-8.900, -4.140, 4.712, -3.578, -11.100000, 290
177,-8.900, -1.980, 0.000, -2.255, 8.900000, 408
178,-8.900, -1.980, 1.571, -2.553, 8.900000, 690
179,-8.900, -1.980, 3.142, -4.289, -11.100000, 35
180,-8.900, -1.980, 4.712, -3.726, -11.100000, 45
181,-8.900, 0.180, 0.000, -2.122, 8.900000, 1121
183,-8.900, 0.180, 3.142, -3.589, -11.100000, 40
184,-8.900, 0.180, 4.712, -3.040, -11.100000, 60
186,-8.900, 2.340, 1.571, -3.988, -11.100000, 49
187,-8.900, 2.340, 3.142, -3.742, -11.100000, 40
188,-8.900, 2.340, 4.712, -2.551, 8.900000, 891
189,-8.900, 4.500, 0.000, -2.467, 8.900000, 380
190,-8.900, 4.500, 1.571, -2.049, 8.900000, 577
191,-8.900, 4.500, 3.142, -5.298, -11.100000, 26
192,-8.900, 4.500, 4.712, -1.753, 8.900000, 67
195,-6.560, -4.140, 3.142, -3.009, 8.900000, 278
196,-6.560, -4.140, 4.712, -3.020, 8.900000, 555
197,-6.560, -1.980, 0.000, -2.852, 8.900000, 307
198,-6.560, -1.980, 1.571, -2.549, 8.900000, 383
199,-6.560, -1.980, 3.142, -3.387, -11.100000, 49
200,-6.560, -1.980, 4.712, -2.419, 8.900000, 70
201,-6.560, 0.180, 0.000, -2.276, 8.900000, 199
202,-6.560, 0.180, 1.571, -2.831, 8.900000, 398
203,-6.560, 0.180, 3.142, -2.490, -11.100000, 66
204,-6.560, 0.180, 4.712, -2.674, 8.900000, 359
205,-6.560, 2.340, 0.000, -2.548, 8.900000, 327
206,-6.560, 2.340, 1.571, -3.117, 8.900000, 570
207,-6.560, 2.340, 3.142, -3.235, -11.100000, 48
208,-6.560, 2.340, 4.712, -2.627, -11.100000, 90
209,-6.560, 4.500, 0.000, -2.320, 8.900000, 84
210,-6.560, 4.500, 1.571, -2.067, 8.900000, 209
211,-6.560, 4.500, 3.142, -3.958, -11.100000, 43
212,-6.560, 4.500, 4.712, -2.402, 8.900000, 230
213,-4.220, -4.140, 0.000, -2.601, 8.900000, 266
214,-4.220, -4.140, 1.571, -2.502, -11.100000, 88
216,-4.220, -4.140, 4.712, -3.057, -11.100000, 845
217,-4.220, -1.980, 0.000, -2.780, 8.900000, 464
218,-4.220, -1.980, 1.571, -3.333, -11.100000, 54
219,-4.220, -1.980, 3.142, -2.836, 8.900000, 360
220,-4.220, -1.980, 4.712, -2.875, 8.900000, 349
222,-4.220, 0.180, 1.571, -2.893, -11.100000, 66
223,-4.220, 0.180, 3.142, -3.096, -11.100000, 50
224,-4.220, 0.180, 4.712, -3.300, -11.100000, 62
225,-4.220, 2.340, 0.000, -2.090, 8.900000, 823
226,-4.220, 2.340, 1.571, -2.594, -11.100000, 261
227,-4.220, 2.340, 3.142, -2.600, -11.100000, 54
228,-4.220, 2.340, 4.712, -2.451, 8.900000, 1811
229,-4.220, 4.500, 0.000, -2.304, 8.900000, 111
230,-4.220, 4.500, 1.571, -2.057, 8.900000, 807
231,-4.220, 4.500, 3.142, -1.799, 8.900000, 75
232,-4.220, 4.500, 4.712, -2.883, -11.100000, 59
233,-1.880, -4.140, 0.000, -2.793, 8.900000, 559
234,-1.880, -4.140, 1.571, -2.464, 8.900000, 341
235,-1.880, -4.140, 3.142, -2.496, -11.100000, 104
236,-1.880, -4.140, 4.712, -2.962, 8.900000, 465
237,-1.880, -1.980, 0.000, -3.016, 8.900000, 185
238,-1.880, -1.980, 1.571, -3.098, -11.100000, 75
239,-1.880, -1.980, 3.142, -2.393, -11.100000, 96
240,-1.880, -1.980, 4.712, -3.289, 8.900000, 277
241,-1.880, 0.180, 0.000, -2.547, 8.900000, 396
242,-1.880, 0.180, 1.571, -2.950, 8.900000, 412
243,-1.880, 0.180, 3.142, -2.320, 8.900000, 587
244,-1.880, 0.180, 4.712, -2.849, -11.100000, 56
245,-1.880, 2.340, 0.000, -2.710, 8.900000, 454
246,-1.880, 2.340, 1.571, -2.964, 8.900000, 184
247,-1.880, 2.340, 3.142, -1.649, 8.900000, 68
248,-1.880, 2.340, 4.712, -2.773, 8.900000, 206
249,-1.880, 4.500, 0.000, -3.000, -11.100000, 94
250,-1.880, 4.500, 1.571, -2.149, 8.900000, 219
251,-1.880, 4.500, 3.142, -3.201, -11.100000, 53
252,-1.880, 4.500, 4.712, -2.696, -11.100000, 69
253,0.460, -4.140, 0.000, -2.279, 8.900000, 360
254,0.460, -4.140, 1.571, -2.529, 8.900000, 293
255,0.460, -4.140, 3.142, -2.886, 8.900000, 97
256,0.460, -4.140, 4.712, -3.081, 8.900000, 553
257,0.460, -1.980, 0.000, -2.408, 8.900000, 154
258,0.460, -1.980, 1.571, -2.584, -11.100000, 548
259,0.460, -1.980, 3.142, -2.135, 8.900000, 477
260,0.460, -1.980, 4.712, -3.012, 8.900000, 401
261,0.460, 0.180, 0.000, -2.554, 8.900000, 204
262,0.460, 0.180, 1.571, -2.856, 8.900000, 133
263,0.460, 0.180, 3.142, -2.458, -11.100000, 81
264,0.460, 0.180, 4.712, -2.719, -11.100000, 65
265,0.460, 2.340, 0.000, -3.068, -11.100000, 95
266,0.460, 2.340, 1.571, -3.228, 8.900000, 100
267,0.460, 2.340, 3.142, -2.939, 8.900000, 930
268,0.460, 2.340, 4.712, -2.574, -11.100000, 351
270,0.460, 4.500, 1.571, -2.213, 8.900000, 108
271,0.460, 4.500, 3.142, -2.515, -11.100000, 57
272,0.460, 4.500, 4.712, -2.155, 8.900000, 210
274,2.800, -4.140, 1.571, -2.507, 8.900000, 122
275,2.800, -4.140, 3.142, -3.353, 8.900000, 422
276,2.800, -4.140, 4.712, -3.090, 8.900000, 342
277,2.800, -1.980, 0.000, -2.372, 8.900000, 117
278,2.800, -1.980, 1.571, -2.400, 8.900000, 123
279,2.800, -1.980, 3.142, -2.387, 8.900000, 501
281,2.800, 0.180, 0.000, -2.484, 9.900000, 565
282,2.800, 0.180, 1.571, -2.717, 8.900000, 144
283,2.800, 0.180, 3.142, -2.404, 8.900000, 300
284,2.800, 0.180, 4.712, -2.876, 8.900000, 319
285,2.800, 2.340, 0.000, -2.788, 8.900000, 278
286,2.800, 2.340, 1.571, -3.336, 8.900000, 224
287,2.800, 2.340, 3.142, -2.467, -11.100000, 66
288,2.800, 2.340, 4.712, -2.668, -11.100000, 75
290,2.800, 4.500, 1.571, -2.112, -11.100000, 177
291,2.800, 4.500, 3.142, -2.519, 8.900000, 596
292,2.800, 4.500, 4.712, -2.467, 8.900000, 513
293,5.140, -4.140, 0.000, -2.884, 8.900000, 133
294,5.140, -4.140, 1.571, -2.441, 8.900000, 395
295,5.140, -4.140, 3.142, -2.755, 8.900000, 553
296,5.140, -4.140, 4.712, -3.577, -11.100000, 189
297,5.140, -1.980, 0.000, -2.669, 8.900000, 699
298,5.140, -1.980, 1.571, -2.455, 8.900000, 899
299,5.140, -1.980, 3.142, -2.277, 8.900000, 121
300,5.140, -1.980, 4.712, -2.748, 8.900000, 119
301,5.140, 0.180, 0.000, -2.695, 8.900000, 218
302,5.140, 0.180, 1.571, -2.666, 8.900000, 626
303,5.140, 0.180, 3.142, -2.797, 8.900000, 317
304,5.140, 0.180, 4.712, -2.572, 8.900000, 538
306,5.140, 2.340, 1.571, -3.003, 8.900000, 211
307,5.140, 2.340, 3.142, -3.095, 8.900000, 204
308,5.140, 2.340, 4.712, -2.503, 9.900000, 130
310,5.140, 4.500, 1.571, -2.574, 8.900000, 210
311,5.140, 4.500, 3.142, -2.357, 8.900000, 109
313,7.480, -4.140, 0.000, -2.713, 8.900000, 122
314,7.480, -4.140, 1.571, -2.643, 8.900000, 234
315,7.480, -4.140, 3.142, -2.959, 9.900000, 132
317,7.480, -1.980, 0.000, -2.646, 8.900000, 178
318,7.480, -1.980, 1.571, -2.584, 8.900000, 780
319,7.480, -1.980, 3.142, -2.471, -11.100000, 74
320,7.480, -1.980, 4.712, -2.973, 8.900000, 152
321,7.480, 0.180, 0.000, -2.591, 8.900000, 264
322,7.480, 0.180, 1.571, -2.992, 9.900000, 439
323,7.480, 0.180, 3.142, -2.326, 8.900000, 718
324,7.480, 0.180, 4.712, -2.599, 8.900000, 382
325,7.480, 2.340, 0.000, -2.609, 8.900000, 586
326,7.480, 2.340, 1.571, -3.198, 9.900000, 563
327,7.480, 2.340, 3.142, -2.653, 8.900000, 360
328,7.480, 2.340, 4.712, -3.262, -11.100000, 83
329,7.480, 4.500, 0.000, -3.278, -11.100000, 191
330,7.480, 4.500, 1.571, -2.264, -11.100000, 782
331,7.480, 4.500, 3.142, -3.025, 8.900000, 886
332,7.480, 4.500, 4.712, -2.468, 8.900000, 316
333,9.820, -4.140, 0.000, -3.007, 8.900000, 249
334,9.820, -4.140, 1.571, -2.361, 8.900000, 463
335,9.820, -4.140, 3.142, -3.093, -11.100000, 82
336,9.820, -4.140, 4.712, -3.083, 8.900000, 117
337,9.820, -1.980, 0.000, -3.309, 8.900000, 844
338,9.820, -1.980, 1.571, -2.827, 8.900000, 688
339,9.820, -1.980, 3.142, -3.250, 8.900000, 124
340,9.820, -1.980, 4.712, -3.149, -11.100000, 546
341,9.820, 0.180, 0.000, -2.893, -11.100000, 272
342,9.820, 0.180, 1.571, -2.769, 8.900000, 427
343,9.820, 0.180, 3.142, -2.792, 8.900000, 389
346,9.820, 2.340, 1.571, -2.937, 8.900000, 532
347,9.820, 2.340, 3.142, -2.129, 8.900000, 116
348,9.820, 2.340, 4.712, -2.529, 8.900000, 692
349,9.820, 4.500, 0.000, -2.846, 8.900000, 223
350,9.820, 4.500, 1.571, -2.217, 8.900000, 459
352,9.820, 4.500, 4.712, -2.305, -11.100000, 126
354,12.160, -4.140, 1.571, -3.057, 8.900000, 230
355,12.160, -4.140, 3.142, -2.041, 8.900000, 631
357,12.160, -1.980, 0.000, -3.029, 8.900000, 228
358,12.160, -1.980, 1.571, -3.116, 8.900000, 132
359,12.160, -1.980, 3.142, -2.774, 8.900000, 161
360,12.160, -1.980, 4.712, -2.826, -11.100000, 126
361,12.160, 0.180, 0.000, -3.287, 9.900000, 433
362,12.160, 0.180, 1.571, -2.778, 8.900000, 640
364,12.160, 0.180, 4.712, -2.808, 8.900000, 522
365,12.160, 2.340, 0.000, -3.207, 8.900000, 151
366,12.160, 2.340, 1.571, -3.475, 8.900000, 364
367,12.160, 2.340, 3.142, -3.138, -11.100000, 341
368,12.160, 2.340, 4.712, -2.878, 8.900000, 296
369,12.160, 4.500, 0.000, -3.262, 8.900000, 239
370,12.160, 4.500, 1.571, -2.841, 8.900000, 729
371,12.160, 4.500, 3.142, -2.561, -11.100000, 284
372,12.160, 4.500, 4.712, -2.951, 8.900000, 997
373,14.500, -4.140, 0.000, -2.277, 8.900000, 380
375,14.500, -4.140, 3.142, -2.400, -11.100000, 498
376,14.500, -4.140, 4.712, -2.052, 8.900000, 473
378,14.500, -1.980, 1.571, -2.120, 8.900000, 411
380,14.500, -1.980, 4.712, -2.834, 8.900000, 1252
381,14.500, 0.180, 0.000, -3.117, 8.900000, 449
382,14.500, 0.180, 1.571, -2.757, 8.900000, 154
387,14.500, 2.340, 3.142, -2.189, -11.100000, 658
388,14.500, 2.340, 4.712, -2.141, -11.100000, 116
389,14.500, 4.500, 0.000, -2.546, 8.900000, 115
390,14.500, 4.500, 1.571, -2.562, 8.900000, 744
392,14.500, 4.500, 4.712, -3.210, 8.900000, 1240
